shmkey for p = 84279302
Working on Device TITAN V
CUDA Device Name: TITAN V
176 available metrics:
inst_per_warp, branch_efficiency, warp_execution_efficiency, warp_nonpred_execution_efficiency, inst_replay_overhead, shared_load_transactions_per_request, shared_store_transactions_per_request, local_load_transactions_per_request, local_store_transactions_per_request, gld_transactions_per_request, gst_transactions_per_request, shared_store_transactions, shared_load_transactions, local_load_transactions, local_store_transactions, gld_transactions, gst_transactions, sysmem_read_transactions, sysmem_write_transactions, l2_read_transactions, l2_write_transactions, dram_read_transactions, dram_write_transactions, global_hit_rate, local_hit_rate, local_memory_overhead, tex_cache_hit_rate, l2_tex_read_hit_rate, l2_tex_write_hit_rate, gld_efficiency, gst_efficiency, tex_cache_transactions, flop_count_dp, flop_count_dp_add, flop_count_dp_fma, flop_count_dp_mul, flop_count_sp, flop_count_sp_add, flop_count_sp_fma, flop_count_sp_mul, flop_count_sp_special, inst_executed, inst_issued, stall_inst_fetch, stall_exec_dependency, stall_memory_dependency, stall_texture, stall_sync, stall_other, stall_constant_memory_dependency, stall_pipe_busy, shared_efficiency, inst_fp_32, inst_fp_64, inst_integer, inst_bit_convert, inst_control, inst_compute_ld_st, inst_misc, inst_inter_thread_communication, issue_slots, cf_issued, cf_executed, ldst_issued, ldst_executed, atomic_transactions, atomic_transactions_per_request, l2_atomic_transactions, l2_tex_read_transactions, stall_memory_throttle, stall_not_selected, l2_tex_write_transactions, nvlink_total_data_transmitted, nvlink_total_data_received, nvlink_user_data_transmitted, nvlink_user_data_received, nvlink_overhead_data_transmitted, nvlink_overhead_data_received, nvlink_total_nratom_data_transmitted, nvlink_user_nratom_data_transmitted, nvlink_total_ratom_data_transmitted, nvlink_user_ratom_data_transmitted, nvlink_total_write_data_transmitted, nvlink_user_write_data_transmitted, nvlink_total_response_data_received, nvlink_user_response_data_received, flop_count_hp, flop_count_hp_add, flop_count_hp_mul, flop_count_hp_fma, inst_fp_16, ipc, issued_ipc, issue_slot_utilization, sm_efficiency, achieved_occupancy, eligible_warps_per_cycle, flop_hp_efficiency, flop_sp_efficiency, flop_dp_efficiency, nvlink_data_transmission_efficiency, nvlink_data_receive_efficiency, stall_sleeping, pcie_total_data_transmitted, pcie_total_data_received, inst_executed_global_loads, inst_executed_local_loads, inst_executed_shared_loads, inst_executed_surface_loads, inst_executed_global_stores, inst_executed_local_stores, inst_executed_shared_stores, inst_executed_surface_stores, inst_executed_global_atomics, inst_executed_global_reductions, inst_executed_surface_atomics, inst_executed_surface_reductions, inst_executed_shared_atomics, inst_executed_tex_ops, dram_read_bytes, dram_write_bytes, global_load_requests, local_load_requests, surface_load_requests, global_store_requests, local_store_requests, surface_store_requests, global_atomic_requests, global_reduction_requests, surface_atomic_requests, surface_reduction_requests, l2_global_load_bytes, l2_local_load_bytes, l2_surface_load_bytes, l2_global_atomic_store_bytes, l2_local_global_store_bytes, l2_surface_store_bytes, sysmem_read_bytes, sysmem_write_bytes, l2_tex_hit_rate, texture_load_requests
 141 metrics will be profiled
VA task: 50000 elements, with size 200000 bytes
VA task: 262144 elements, with size 1048576 bytes
4461395	923469860	Allocating device memory
4461395	927830029	Transfering to device
4461395	927869396	Executing kernel
0	3	1284
1	11	1280
2	6	1280
3	14	1280
4	0	1280
5	8	1280
6	5	1280
7	13	1280
8	7	1280
9	15	1280
10	2	1280
11	10	1280
12	4	1280
13	12	1280
14	1	1280
15	9	1280
16	3	1280
17	11	1280
18	6	1280
19	14	1280
20	0	1280
21	8	1280
22	5	1280
23	13	1280
24	7	1280
25	15	1280
26	2	1280
27	10	1280
28	4	1280
29	12	1280
30	1	1280
31	9	1280
32	8	1280
33	16	1280
34	13	1280
35	21	1328
36	11	1280
37	19	1280
38	14	1280
39	22	1280
40	12	1328
41	20	1280
42	9	1280
43	17	1280
44	15	1280
45	23	1280
46	10	1280
47	18	1280
48	8	1280
49	16	1280
50	13	1281
51	21	1328
52	11	1280
53	19	1280
54	14	1280
55	22	1280
56	12	1328
57	20	1280
58	9	1280
59	17	1280
60	15	1280
61	23	1280
62	10	1280
63	18	1280
64	10	1280
65	18	1280
66	15	1280
67	23	1280
68	9	1280
69	17	1280
70	12	1328
71	20	1280
72	14	1280
73	22	1280
74	11	1280
75	19	1280
76	13	1280
77	21	1328
78	8	1280
79	16	1280
80	10	1280
81	18	1280
82	15	1280
83	23	1280
84	9	1280
85	17	1280
86	12	1328
87	20	1280
88	14	1280
89	22	1280
90	11	1280
91	19	1280
92	13	1280
93	21	1328
94	8	1280
95	16	1280
96	17	1280
97	1	1280
98	20	1280
99	4	1280
100	18	1280
101	2	1280
102	23	1280
103	7	1280
104	21	1280
105	5	1280
106	16	1280
107	0	1280
108	22	1280
109	6	1280
110	19	1280
111	3	1280
112	17	1280
113	1	1280
114	20	1280
115	4	1280
116	18	1280
117	2	1280
118	23	1280
119	7	1280
120	21	1280
121	5	1280
122	16	1280
123	0	1280
124	22	1280
125	6	1280
126	19	1280
127	3	1280
128	19	1280
129	3	1280
130	22	1280
131	6	1280
132	16	1280
133	0	1280
134	21	1280
135	5	1280
136	23	1280
137	7	1280
138	18	1280
139	2	1280
140	20	1280
141	4	1280
142	17	1280
143	1	1280
144	19	1280
145	3	1280
146	22	1280
147	6	1280
148	16	1280
149	0	1280
150	21	1280
151	5	1280
152	23	1280
153	7	1280
154	18	1280
155	2	1280
156	20	1280
157	4	1280
158	17	1280
159	1	1280
160	0	1280
161	8	1280
162	5	1280
163	13	1280
164	3	1280
165	11	1280
166	6	1280
167	14	1280
168	4	1280
169	12	1280
170	1	1280
171	9	1280
172	7	1280
173	15	1280
174	2	1280
175	10	1280
176	0	1280
177	8	1280
178	5	1280
179	13	1280
180	3	1280
181	11	1280
182	6	1280
183	14	1280
184	4	1280
185	12	1289
186	1	1280
187	9	1280
188	7	1280
189	15	1280
190	2	1280
191	10	1280
192	2	1280
193	10	1280
194	7	1280
195	15	1280
196	1	1280
197	9	1280
198	4	1280
199	12	1280
200	6	1280
201	14	1280
202	3	1280
203	11	1280
204	5	1280
205	13	1280
206	0	1280
207	8	1280
208	2	1280
209	10	1280
210	7	1280
211	15	1280
212	1	1280
213	9	1280
214	4	1280
215	12	1280
216	6	1280
217	14	1280
218	3	1280
219	11	1280
220	5	1280
221	13	1280
222	0	1280
223	8	1280
224	9	1280
225	17	1280
226	12	1328
227	20	1280
228	10	1280
229	18	1280
230	15	1280
231	23	1280
232	13	1280
233	21	1328
234	8	1280
235	16	1280
236	14	1280
237	22	1280
238	11	1280
239	19	1280
240	9	1280
241	17	1280
242	12	1328
243	20	1280
244	10	1280
245	18	1280
246	15	1280
247	23	1280
248	13	1280
249	21	1328
250	8	1280
251	16	1280
252	14	1280
253	22	1280
254	11	1280
255	19	1280
256	10	1280
257	18	1280
258	15	1280
259	23	1280
260	9	1280
261	17	1280
262	12	1328
263	20	1280
264	14	1280
265	22	1280
266	11	1280
267	19	1280
268	13	1280
269	21	1328
270	8	1280
271	16	1280
272	10	1280
273	18	1280
274	15	1280
275	23	1280
276	9	1280
277	17	1280
278	12	1328
279	20	1280
280	14	1280
281	22	1280
282	11	1280
283	19	1280
284	13	1280
285	21	1328
286	8	1280
287	16	1280
288	17	1280
289	1	1280
290	20	1280
291	4	1280
292	18	1280
293	2	1280
294	23	1280
295	7	1280
296	21	1280
297	5	1280
298	16	1280
299	0	1280
300	22	1280
301	6	1280
302	19	1280
303	3	1280
304	17	1280
305	1	1280
306	20	1280
307	4	1280
308	18	1280
309	2	1280
310	23	1280
311	7	1280
312	21	1280
313	5	1280
314	16	1280
315	0	1280
316	22	1280
317	6	1280
318	19	1280
319	3	1280
320	19	1280
321	3	1280
322	22	1280
323	6	1280
324	16	1280
325	0	1280
326	21	1280
327	5	1280
328	23	1280
329	7	1280
330	18	1280
331	2	1280
332	20	1280
333	4	1280
334	17	1280
335	1	1280
336	19	1280
337	3	1280
338	22	1280
339	6	1280
340	16	1280
341	0	1280
342	21	1280
343	5	1280
344	23	1280
345	7	1280
346	18	1280
347	2	1280
348	20	1280
349	4	1280
350	17	1280
351	1	1280
352	0	1280
353	8	1280
354	5	1280
355	13	1280
356	3	1280
357	11	1280
358	6	1280
359	14	1280
360	4	1280
361	12	1280
362	1	1280
363	9	1280
364	7	1280
365	15	1280
366	2	1280
367	10	1280
368	0	1280
369	8	1280
370	5	1280
371	13	1280
372	3	1280
373	11	1280
374	6	1280
375	14	1280
376	4	1280
377	12	1280
378	1	1280
379	9	1280
380	7	1280
381	15	1280
382	2	1280
383	10	1280
384	2	1280
385	10	1280
386	7	1280
387	15	1280
388	1	1280
389	9	1280
390	4	1280
391	12	1280
392	6	1280
393	14	1280
394	3	1280
395	11	1280
396	5	1280
397	13	1280
398	0	1280
399	8	1280
400	2	1280
401	10	1280
402	7	1280
403	15	1280
404	1	1280
405	9	1280
406	4	1280
407	12	1280
408	6	1280
409	14	1280
410	3	1280
411	11	1280
412	5	1280
413	13	1280
414	0	1280
415	8	1280
416	9	1280
417	17	1280
418	12	1328
419	20	1280
420	10	1280
421	18	1280
422	15	1280
423	23	1280
424	13	1280
425	21	1328
426	8	1280
427	16	1280
428	14	1280
429	22	1280
430	11	1280
431	19	1280
432	9	1280
433	17	1280
434	12	1328
435	20	1280
436	10	1280
437	18	1280
438	15	1280
439	23	1280
440	13	1280
441	21	1328
442	8	1280
443	16	1280
444	14	1280
445	22	1280
446	11	1280
447	19	1280
448	11	1280
449	19	1280
450	14	1280
451	22	1280
452	8	1280
453	16	1280
454	13	1280
455	21	1328
456	15	1280
457	23	1280
458	10	1280
459	18	1280
460	12	1328
461	20	1280
462	9	1280
463	17	1280
464	11	1280
465	19	1280
466	14	1280
467	22	1280
468	8	1280
469	16	1280
470	13	1280
471	21	1328
472	15	1280
473	23	1280
474	10	1280
475	18	1280
476	12	1328
477	20	1280
478	9	1280
479	17	1280
480	16	1280
481	0	1280
482	21	1280
483	5	1280
484	19	1280
485	3	1280
486	22	1280
487	6	1280
488	20	1280
489	4	1280
490	17	1280
491	1	1280
492	23	1280
493	7	1280
494	18	1280
495	2	1280
496	16	1280
497	0	1280
498	21	1280
499	5	1280
500	19	1280
501	3	1280
502	22	1280
503	6	1280
504	20	1280
505	4	1280
506	17	1280
507	1	1280
508	23	1280
509	7	1280
510	18	1280
511	2	1280
512	7	1280
513	15	1280
514	2	1280
515	10	1280
516	4	1280
517	12	1280
518	1	1280
519	9	1280
520	3	1280
521	11	1280
522	6	1280
523	14	1280
524	0	1280
525	8	1280
526	5	1280
527	13	1280
528	7	1280
529	15	1280
530	2	1280
531	10	1280
532	4	1280
533	12	1280
534	1	1280
535	9	1280
536	3	1280
537	11	1280
538	6	1280
539	14	1280
540	0	1280
541	8	1280
542	5	1280
543	13	1280
544	20	1280
545	4	1280
546	17	1280
547	1	1280
548	23	1280
549	7	1280
550	18	1280
551	2	1280
552	16	1280
553	0	1280
554	21	1280
555	5	1280
556	19	1280
557	3	1280
558	22	1280
559	6	1280
560	20	1280
561	4	1280
562	17	1280
563	1	1280
564	23	1280
565	7	1280
566	18	1280
567	2	1280
568	16	1280
569	0	1280
570	21	1280
571	5	1280
572	19	1280
573	3	1280
574	22	1280
575	6	1280
576	14	1280
577	22	1280
578	11	1280
579	19	1280
580	13	1280
581	21	1328
582	8	1280
583	16	1280
584	10	1280
585	18	1280
586	15	1280
587	23	1280
588	9	1280
589	17	1280
590	12	1328
591	20	1280
592	14	1280
593	22	1280
594	11	1280
595	19	1280
596	13	1280
597	21	1328
598	8	1280
599	16	1280
600	10	1280
601	18	1280
602	15	1280
603	23	1280
604	9	1280
605	17	1280
606	12	1328
607	20	1280
608	5	1280
609	13	1280
610	0	1280
611	8	1280
612	6	1280
613	14	1280
614	3	1280
615	11	1280
616	1	1280
617	9	1280
618	4	1280
619	12	1280
620	2	1280
621	10	1280
622	7	1280
623	15	1280
624	5	1280
625	13	1280
626	0	1280
627	8	1280
628	6	1280
629	14	1280
630	3	1280
631	11	1280
632	1	1280
633	9	1280
634	4	1280
635	12	1280
636	2	1280
637	10	1280
638	7	1280
639	15	1280
640	23	1280
641	7	1280
642	18	1280
643	2	1280
644	20	1280
645	4	1280
646	17	1280
647	1	1280
648	19	1280
649	3	1280
650	22	1280
651	6	1280
652	16	1280
653	0	1280
654	21	1280
655	5	1280
656	23	1280
657	7	1280
658	18	1280
659	2	1280
660	20	1280
661	4	1280
662	17	1280
663	1	1280
664	19	1280
665	3	1280
666	22	1280
667	6	1280
668	16	1280
669	0	1280
670	21	1280
671	5	1280
672	12	1328
673	20	1280
674	9	1280
675	17	1280
676	15	1280
677	23	1280
678	10	1280
679	18	1280
680	8	1280
681	16	1280
682	13	1280
683	21	1328
684	11	1280
685	19	1280
686	14	1280
687	22	1280
688	12	1328
689	20	1280
690	9	1280
691	17	1280
692	15	1280
693	23	1280
694	10	1280
695	18	1280
696	8	1280
697	16	1280
698	13	1280
699	21	1328
700	11	1280
701	19	1280
702	14	1280
703	22	1280
704	6	1280
705	14	1280
706	3	1280
707	11	1280
708	5	1280
709	13	1280
710	0	1280
711	8	1280
712	2	1280
713	10	1280
714	7	1280
715	15	1280
716	1	1280
717	9	1280
718	4	1280
719	12	1280
720	6	1280
721	14	1280
722	3	1280
723	11	1280
724	5	1280
725	13	1280
726	0	1280
727	8	1280
728	2	1280
729	10	1280
730	7	1280
731	15	1280
732	1	1280
733	9	1280
734	4	1280
735	12	1280
736	21	1280
737	5	1280
738	16	1280
739	0	1280
740	22	1280
741	6	1280
742	19	1280
743	3	1280
744	17	1280
745	1	1280
746	20	1280
747	4	1280
748	18	1287
749	2	1280
750	23	1280
751	7	1280
752	21	1280
753	5	1280
754	16	1280
755	0	1280
756	22	1280
757	6	1280
758	19	1280
759	3	1280
760	17	1280
761	1	1280
762	20	1280
763	4	1280
764	18	1280
765	2	1280
766	23	1280
767	7	1280
768	14	1280
769	22	1280
770	11	1280
771	19	1280
772	13	1280
773	21	1328
774	8	1289
775	16	1280
776	10	1280
777	18	1280
778	15	1280
779	23	1280
780	9	1280
781	17	1280
782	12	1328
783	20	1280
784	14	1280
785	22	1280
786	11	1280
787	19	1280
788	13	1280
789	21	1328
790	8	1280
791	16	1280
792	10	1280
793	18	1280
794	15	1280
795	23	1280
796	9	1280
797	17	1280
798	12	1336
799	20	1280
800	5	1280
801	13	1280
802	0	1280
803	8	1280
804	6	1280
805	14	1280
806	3	1280
807	11	1280
808	1	1280
809	9	1280
810	4	1280
811	12	1280
812	2	1280
813	10	1280
814	7	1280
815	15	1280
816	5	1280
817	13	1280
818	0	1280
819	8	1280
820	6	1280
821	14	1280
822	3	1280
823	11	1280
824	1	1280
825	9	1280
826	4	1280
827	12	1280
828	2	1280
829	10	1280
830	7	1280
831	15	1280
832	23	1280
833	7	1280
834	18	1280
835	2	1280
836	20	1280
837	4	1280
838	17	1280
839	1	1280
840	19	1280
841	3	1280
842	22	1280
843	6	1280
844	16	1280
845	0	1280
846	21	1280
847	5	1280
848	23	1280
849	7	1280
850	18	1280
851	2	1280
852	20	1280
853	4	1280
854	17	1280
855	1	1280
856	19	1280
857	3	1280
858	22	1280
859	6	1280
860	16	1280
861	0	1280
862	21	1280
863	5	1280
864	12	1328
865	20	1280
866	9	1280
867	17	1280
868	15	1280
869	23	1280
870	10	1280
871	18	1280
872	8	1281
873	16	1280
874	13	1280
875	21	1328
876	11	1280
877	19	1280
878	14	1280
879	22	1280
880	12	1328
881	20	1280
882	9	1280
883	17	1280
884	15	1280
885	23	1280
886	10	1280
887	18	1280
888	8	1280
889	16	1280
890	13	1280
891	21	1328
892	11	1280
893	19	1280
894	14	1280
895	22	1280
896	6	1280
897	14	1280
898	3	1280
899	11	1280
900	5	1280
901	13	1280
902	0	1280
903	8	1280
904	2	1280
905	10	1280
906	7	1280
907	15	1280
908	1	1280
909	9	1280
910	4	1280
911	12	1280
912	6	1280
913	14	1280
914	3	1280
915	11	1280
916	5	1280
917	13	1280
918	0	1280
919	8	1280
920	2	1280
921	10	1280
922	7	1280
923	15	1280
924	1	1280
925	9	1280
926	4	1280
927	12	1280
928	21	1280
929	5	1280
930	16	1280
931	0	1280
932	22	1280
933	6	1280
934	19	1280
935	3	1280
936	17	1280
937	1	1280
938	20	1280
939	4	1280
940	18	1280
941	2	1280
942	23	1280
943	7	1280
944	21	1280
945	5	1280
946	16	1280
947	0	1280
948	22	1280
949	6	1280
950	19	1280
951	3	1280
952	17	1280
953	1	1280
954	20	1280
955	4	1280
956	18	1280
957	2	1280
958	23	1280
959	7	1280
960	15	1280
961	23	1280
962	10	1280
963	18	1280
964	12	1328
965	20	1280
966	9	1280
967	17	1280
968	11	1298
969	19	1280
970	14	1280
971	22	1280
972	8	1280
973	16	1280
974	13	1280
975	21	1328
976	15	1280
977	23	1280
978	10	1280
979	18	1280
980	12	1328
981	20	1280
982	9	1280
983	17	1280
984	11	1280
985	19	1280
986	14	1280
987	22	1280
988	8	1280
989	16	1280
990	13	1280
991	21	1328
992	4	1280
993	12	1280
994	1	1280
995	9	1280
996	7	1280
997	15	1280
998	2	1280
999	10	1280
1000	0	1280
1001	8	1280
1002	5	1280
1003	13	1280
1004	3	1280
1005	11	1280
1006	6	1280
1007	14	1280
1008	4	1280
1009	12	1280
1010	1	1280
1011	9	1280
1012	7	1280
1013	15	1280
1014	2	1280
1015	10	1280
1016	0	1280
1017	8	1280
1018	5	1280
1019	13	1280
1020	3	1280
1021	11	1280
1022	6	1280
1023	14	1280
1024	5	1280
1025	21	1328
1026	0	1280
1027	16	1280
1028	6	1280
1029	22	1280
1030	3	1280
1031	19	1280
1032	1	1280
1033	17	1280
1034	4	1280
1035	20	1280
1036	2	1280
1037	18	1280
1038	7	1280
1039	23	1280
1040	5	1280
1041	21	1328
1042	0	1280
1043	16	1280
1044	6	1280
1045	22	1280
1046	3	1280
1047	19	1280
1048	1	1280
1049	17	1280
1050	4	1280
1051	20	1280
1052	2	1280
1053	18	1280
1054	7	1280
1055	23	1280
1056	22	1280
1057	14	1280
1058	19	1280
1059	11	1280
1060	21	1280
1061	13	1280
1062	16	1280
1063	8	1280
1064	18	1280
1065	10	1280
1066	23	1280
1067	15	1280
1068	17	1280
1069	9	1280
1070	20	1280
1071	12	1280
1072	22	1280
1073	14	1280
1074	19	1280
1075	11	1280
1076	21	1280
1077	13	1280
1078	16	1280
1079	8	1280
1080	18	1280
1081	10	1280
1082	23	1280
1083	15	1280
1084	17	1280
1085	9	1280
1086	20	1280
1087	12	1280
1088	12	1328
1089	4	1280
1090	9	1280
1091	1	1280
1092	15	1280
1093	7	1280
1094	10	1280
1095	2	1280
1096	8	1280
1097	0	1280
1098	13	1280
1099	5	1280
1100	11	1280
1101	3	1280
1102	14	1280
1103	6	1280
1104	12	1328
1105	4	1280
1106	9	1280
1107	1	1280
1108	15	1280
1109	7	1280
1110	10	1280
1111	2	1280
1112	8	1280
1113	0	1280
1114	13	1280
1115	5	1280
1116	11	1280
1117	3	1280
1118	14	1289
1119	6	1280
1120	7	1280
1121	23	1280
1122	2	1280
1123	18	1280
1124	4	1280
1125	20	1280
1126	1	1280
1127	17	1280
1128	3	1280
1129	19	1280
1130	6	1280
1131	22	1280
1132	0	1280
1133	16	1280
1134	5	1280
1135	21	1328
1136	7	1280
1137	23	1280
1138	2	1280
1139	18	1280
1140	4	1280
1141	20	1280
1142	1	1280
1143	17	1280
1144	3	1280
1145	19	1280
1146	6	1280
1147	22	1280
1148	0	1280
1149	16	1280
1150	5	1280
1151	21	1328
1152	21	1280
1153	13	1280
1154	16	1280
1155	8	1280
1156	22	1280
1157	14	1280
1158	19	1280
1159	11	1280
1160	17	1280
1161	9	1280
1162	20	1280
1163	12	1280
1164	18	1280
1165	10	1280
1166	23	1280
1167	15	1280
1168	21	1280
1169	13	1280
1170	16	1280
1171	8	1280
1172	22	1280
1173	14	1280
1174	19	1280
1175	11	1280
1176	17	1280
1177	9	1280
1178	20	1280
1179	12	1280
1180	18	1280
1181	10	1280
1182	23	1280
1183	15	1280
1184	14	1280
1185	6	1280
1186	11	1280
1187	3	1280
1188	13	1280
1189	5	1280
1190	8	1280
1191	0	1280
1192	10	1280
1193	2	1280
1194	15	1280
1195	7	1280
1196	9	1280
1197	1	1280
1198	12	1328
1199	4	1280
1200	14	1280
1201	6	1280
1202	11	1280
1203	3	1280
1204	13	1280
1205	5	1280
1206	8	1280
1207	0	1280
1208	10	1280
1209	2	1280
1210	15	1280
1211	7	1280
1212	9	1280
1213	1	1280
1214	12	1328
1215	4	1280
1216	4	1280
1217	20	1280
1218	1	1280
1219	17	1280
1220	7	1280
1221	23	1288
1222	2	1280
1223	18	1280
1224	0	1280
1225	16	1288
1226	5	1280
1227	21	1328
1228	3	1280
1229	19	1280
1230	6	1280
1231	22	1280
1232	4	1280
1233	20	1280
1234	1	1280
1235	17	1280
1236	7	1280
1237	23	1280
1238	2	1280
1239	18	1280
1240	0	1280
1241	16	1280
1242	5	1280
1243	21	1328
1244	3	1280
1245	19	1280
1246	6	1280
1247	22	1280
1248	23	1280
1249	15	1280
1250	18	1280
1251	10	1280
1252	20	1280
1253	12	1280
1254	17	1280
1255	9	1280
1256	19	1280
1257	11	1280
1258	22	1280
1259	14	1280
1260	16	1280
1261	8	1280
1262	21	1280
1263	13	1280
1264	23	1280
1265	15	1280
1266	18	1280
1267	10	1280
1268	20	1280
1269	12	1280
1270	17	1280
1271	9	1280
1272	19	1280
1273	11	1280
1274	22	1280
1275	14	1280
1276	16	1280
1277	8	1280
1278	21	1280
1279	13	1280
1280	12	1337
1281	4	1280
1282	9	1280
1283	1	1280
1284	15	1280
1285	7	1280
1286	10	1280
1287	2	1280
1288	8	1280
1289	0	1280
1290	13	1280
1291	5	1280
1292	11	1280
1293	3	1280
1294	14	1280
1295	6	1280
1296	12	1328
1297	4	1280
1298	9	1280
1299	1	1280
1300	15	1280
1301	7	1280
1302	10	1280
1303	2	1280
1304	8	1280
1305	0	1280
1306	13	1280
1307	5	1280
1308	11	1280
1309	3	1280
1310	14	1280
1311	6	1280
1312	7	1280
1313	23	1280
1314	2	1280
1315	18	1280
1316	4	1280
1317	20	1280
1318	1	1280
1319	17	1280
1320	3	1280
1321	19	1280
1322	6	1280
1323	22	1280
1324	0	1280
1325	16	1280
1326	5	1280
1327	21	1328
1328	7	1280
1329	23	1280
1330	2	1280
1331	18	1280
1332	4	1280
1333	20	1280
1334	1	1280
1335	17	1280
1336	3	1280
1337	19	1280
1338	6	1280
1339	22	1280
1340	0	1280
1341	16	1280
1342	5	1280
1343	21	1328
1344	21	1280
1345	13	1280
1346	16	1280
1347	8	1280
1348	22	1280
1349	14	1280
1350	19	1280
1351	11	1280
1352	17	1280
1353	9	1280
1354	20	1296
1355	12	1280
1356	18	1280
1357	10	1280
1358	23	1280
1359	15	1280
1360	21	1280
1361	13	1280
1362	16	1280
1363	8	1280
1364	22	1280
1365	14	1280
1366	19	1280
1367	11	1280
1368	17	1280
1369	9	1280
1370	20	1280
1371	12	1280
1372	18	1280
1373	10	1280
1374	23	1280
1375	15	1280
1376	14	1280
1377	6	1280
1378	11	1280
1379	3	1280
1380	13	1280
1381	5	1280
1382	8	1280
1383	0	1280
1384	10	1280
1385	2	1280
1386	15	1280
1387	7	1280
1388	9	1280
1389	1	1280
1390	12	1328
1391	4	1280
1392	14	1280
1393	6	1280
1394	11	1280
1395	3	1280
1396	13	1280
1397	5	1280
1398	8	1280
1399	0	1280
1400	10	1280
1401	2	1280
1402	15	1280
1403	7	1280
1404	9	1280
1405	1	1280
1406	12	1328
1407	4	1280
1408	4	1280
1409	20	1280
1410	1	1280
1411	17	1280
1412	7	1280
1413	23	1280
1414	2	1280
1415	18	1280
1416	0	1280
1417	16	1280
1418	5	1280
1419	21	1328
1420	3	1280
1421	19	1280
1422	6	1280
1423	22	1280
1424	4	1280
1425	20	1280
1426	1	1280
1427	17	1280
1428	7	1280
1429	23	1280
1430	2	1280
1431	18	1280
1432	0	1280
1433	16	1280
1434	5	1280
1435	21	1328
1436	3	1280
1437	19	1280
1438	6	1280
1439	22	1280
1440	23	1280
1441	15	1280
1442	18	1280
1443	10	1280
1444	20	1280
1445	12	1280
1446	17	1280
1447	9	1280
1448	19	1280
1449	11	1280
1450	22	1280
1451	14	1280
1452	16	1280
1453	8	1280
1454	21	1280
1455	13	1280
1456	23	1280
1457	15	1280
1458	18	1280
1459	10	1280
1460	20	1280
1461	12	1280
1462	17	1280
1463	9	1280
1464	19	1280
1465	11	1280
1466	22	1280
1467	14	1280
1468	16	1280
1469	8	1280
1470	21	1280
1471	13	1280
1472	13	1280
1473	5	1280
1474	8	1280
1475	0	1280
1476	14	1280
1477	6	1280
1478	11	1280
1479	3	1280
1480	9	1280
1481	1	1280
1482	12	1328
1483	4	1280
1484	10	1280
1485	2	1280
1486	15	1280
1487	7	1280
1488	13	1280
1489	5	1280
1490	8	1280
1491	0	1280
1492	14	1280
1493	6	1280
1494	11	1280
1495	3	1280
1496	9	1280
1497	1	1280
1498	12	1328
1499	4	1280
1500	10	1280
1501	2	1280
1502	15	1280
1503	7	1280
1504	6	1280
1505	22	1280
1506	3	1280
1507	19	1280
1508	5	1280
1509	21	1328
1510	0	1280
1511	16	1280
1512	2	1280
1513	18	1280
1514	7	1280
1515	23	1280
1516	1	1280
1517	17	1280
1518	4	1280
1519	20	1280
1520	6	1280
1521	22	1280
1522	3	1280
1523	19	1280
1524	5	1280
1525	21	1328
1526	0	1280
1527	16	1280
1528	2	1280
1529	18	1280
1530	7	1280
1531	23	1280
1532	1	1280
1533	17	1280
1534	4	1280
1535	20	1280
1536	9	1280
1537	1	1280
1538	12	1328
1539	4	1280
1540	10	1280
1541	2	1280
1542	15	1280
1543	7	1280
1544	13	1280
1545	5	1280
1546	8	1280
1547	0	1280
1548	14	1280
1549	6	1280
1550	11	1280
1551	3	1280
1552	9	1280
1553	1	1280
1554	12	1328
1555	4	1280
1556	10	1280
1557	2	1280
1558	15	1280
1559	7	1280
1560	13	1280
1561	5	1280
1562	8	1280
1563	0	1280
1564	14	1280
1565	6	1280
1566	11	1280
1567	3	1280
1568	18	1280
1569	10	1280
1570	23	1280
1571	15	1280
1572	17	1280
1573	9	1280
1574	20	1280
1575	12	1280
1576	22	1280
1577	14	1280
1578	19	1280
1579	11	1280
1580	21	1280
1581	13	1280
1582	16	1280
1583	8	1280
1584	18	1280
1585	10	1280
1586	23	1280
1587	15	1280
1588	17	1280
1589	9	1280
1590	20	1280
1591	12	1280
1592	22	1280
1593	14	1280
1594	19	1280
1595	11	1280
1596	21	1280
1597	13	1280
1598	16	1280
1599	8	1280
1600	16	1280
1601	8	1280
1602	21	1280
1603	13	1280
1604	19	1280
1605	11	1280
1606	22	1280
1607	14	1280
1608	20	1280
1609	12	1280
1610	17	1280
1611	9	1280
1612	23	1280
1613	15	1280
1614	18	1280
1615	10	1280
1616	16	1280
1617	8	1280
1618	21	1280
1619	13	1280
1620	19	1280
1621	11	1280
1622	22	1280
1623	14	1280
1624	20	1280
1625	12	1280
1626	17	1280
1627	9	1280
1628	23	1280
1629	15	1280
1630	18	1280
1631	10	1280
1632	3	1280
1633	19	1280
1634	6	1280
1635	22	1280
1636	0	1280
1637	16	1280
1638	5	1280
1639	21	1328
1640	7	1280
1641	23	1280
1642	2	1280
1643	18	1280
1644	4	1280
1645	20	1280
1646	1	1280
1647	17	1280
1648	3	1280
1649	19	1280
1650	6	1280
1651	22	1280
1652	0	1280
1653	16	1280
1654	5	1280
1655	21	1328
1656	7	1280
1657	23	1280
1658	2	1280
1659	18	1280
1660	4	1280
1661	20	1280
1662	1	1280
1663	17	1280
1664	1	1280
1665	17	1280
1666	4	1280
1667	20	1280
1668	2	1280
1669	18	1280
1670	7	1280
1671	23	1280
1672	5	1280
1673	21	1328
1674	0	1280
1675	16	1280
1676	6	1280
1677	22	1280
1678	3	1280
1679	19	1280
1680	1	1280
1681	17	1280
1682	4	1280
1683	20	1280
1684	2	1280
1685	18	1280
1686	7	1280
1687	23	1280
1688	5	1280
1689	21	1328
1690	0	1280
1691	16	1288
1692	6	1280
1693	22	1280
1694	3	1280
1695	19	1280
1696	10	1280
1697	2	1280
1698	15	1280
1699	7	1280
1700	9	1280
1701	1	1280
1702	12	1328
1703	4	1280
1704	14	1280
1705	6	1280
1706	11	1280
1707	3	1280
1708	13	1280
1709	5	1280
1710	8	1280
1711	0	1280
1712	10	1280
1713	2	1280
1714	15	1280
1715	7	1280
1716	9	1280
1717	1	1280
1718	12	1328
1719	4	1280
1720	14	1280
1721	6	1280
1722	11	1280
1723	3	1280
1724	13	1280
1725	5	1280
1726	8	1280
1727	0	1280
1728	8	1280
1729	0	1280
1730	13	1280
1731	5	1280
1732	11	1280
1733	3	1280
1734	14	1280
1735	6	1280
1736	12	1328
1737	4	1280
1738	9	1280
1739	1	1280
1740	15	1280
1741	7	1280
1742	10	1280
1743	2	1280
1744	8	1280
1745	0	1280
1746	13	1280
1747	5	1280
1748	11	1280
1749	3	1280
1750	14	1280
1751	6	1280
1752	12	1328
1753	4	1280
1754	9	1280
1755	1	1280
1756	15	1280
1757	7	1280
1758	10	1280
1759	2	1280
1760	19	1280
1761	11	1280
1762	22	1280
1763	14	1280
1764	16	1280
1765	8	1280
1766	21	1280
1767	13	1280
1768	23	1280
1769	15	1296
1770	18	1280
1771	10	1280
1772	20	1280
1773	12	1280
1774	17	1280
1775	9	1280
1776	19	1280
1777	11	1280
1778	22	1280
1779	14	1280
1780	16	1280
1781	8	1280
1782	21	1280
1783	13	1280
1784	23	1280
1785	15	1280
1786	18	1280
1787	10	1280
1788	20	1280
1789	12	1280
1790	17	1280
1791	9	1280
1792	16	1280
1793	8	1280
1794	21	1280
1795	13	1280
1796	19	1280
1797	11	1280
1798	22	1280
1799	14	1280
1800	20	1280
1801	12	1280
1802	17	1280
1803	9	1280
1804	23	1280
1805	15	1280
1806	18	1280
1807	10	1280
1808	16	1280
1809	8	1280
1810	21	1280
1811	13	1280
1812	19	1280
1813	11	1280
1814	22	1280
1815	14	1280
1816	20	1280
1817	12	1280
1818	17	1280
1819	9	1280
1820	23	1280
1821	15	1280
1822	18	1280
1823	10	1280
1824	3	1280
1825	19	1280
1826	6	1280
1827	22	1280
1828	0	1280
1829	16	1280
1830	5	1280
1831	21	1328
1832	7	1280
1833	23	1280
1834	2	1280
1835	18	1280
1836	4	1280
1837	20	1280
1838	1	1280
1839	17	1280
1840	3	1280
1841	19	1280
1842	6	1280
1843	22	1280
1844	0	1280
1845	16	1280
1846	5	1280
1847	21	1328
1848	7	1280
1849	23	1280
1850	2	1280
1851	18	1280
1852	4	1280
1853	20	1280
1854	1	1280
1855	17	1280
1856	1	1280
1857	17	1280
1858	4	1280
1859	20	1280
1860	2	1280
1861	18	1280
1862	7	1280
1863	23	1280
1864	5	1280
1865	21	1328
1866	0	1280
1867	16	1280
1868	6	1280
1869	22	1280
1870	3	1280
1871	19	1280
1872	1	1280
1873	17	1280
1874	4	1280
1875	20	1280
1876	2	1280
1877	18	1280
1878	7	1280
1879	23	1280
1880	5	1280
1881	21	1328
1882	0	1280
1883	16	1280
1884	6	1280
1885	22	1280
1886	3	1280
1887	19	1291
1888	10	1280
1889	2	1280
1890	15	1280
1891	7	1280
1892	9	1280
1893	1	1280
1894	12	1328
1895	4	1280
1896	14	1280
1897	6	1280
1898	11	1280
1899	3	1280
1900	13	1280
1901	5	1280
1902	8	1280
1903	0	1280
1904	10	1280
1905	2	1280
1906	15	1280
1907	7	1280
1908	9	1280
1909	1	1280
1910	12	1328
1911	4	1280
1912	14	1280
1913	6	1280
1914	11	1280
1915	3	1280
1916	13	1280
1917	5	1280
1918	8	1280
1919	0	1280
1920	8	1280
1921	0	1280
1922	13	1280
1923	5	1280
1924	11	1280
1925	3	1280
1926	14	1293
1927	6	1280
1928	12	1328
1929	4	1280
1930	9	1280
1931	1	1280
1932	15	1280
1933	7	1280
1934	10	1280
1935	2	1280
1936	8	1280
1937	0	1280
1938	13	1280
1939	5	1280
1940	11	1280
1941	3	1280
1942	14	1280
1943	6	1280
1944	12	1328
1945	4	1280
1946	9	1280
1947	1	1280
1948	15	1280
1949	7	1280
1950	10	1280
1951	2	1280
1952	19	1287
1953	11	1280
1954	22	1280
1955	14	1280
1956	16	1280
1957	8	1280
1958	21	1280
1959	13	1280
1960	23	1280
1961	15	1280
1962	18	1280
1963	10	1280
1964	20	1280
1965	12	1280
1966	17	1280
1967	9	1280
1968	19	1280
1969	11	1280
1970	22	1295
1971	14	1280
1972	16	1280
1973	8	1280
1974	21	1291
1975	13	1280
1976	23	1280
1977	15	1280
1978	18	1280
1979	10	1280
1980	20	1280
1981	12	1280
1982	17	1280
1983	9	1280
1984	17	1280
1985	9	1280
1986	20	1280
1987	12	1280
1988	18	1280
1989	10	1280
1990	23	1280
1991	15	1280
1992	21	1280
1993	13	1280
1994	16	1280
1995	8	1280
1996	22	1280
1997	14	1280
1998	19	1280
1999	11	1280
2000	17	1280
2001	9	1280
2002	20	1280
2003	12	1280
2004	18	1280
2005	10	1280
2006	23	1280
2007	15	1280
2008	21	1280
2009	13	1280
2010	16	1280
2011	8	1280
2012	22	1280
2013	14	1280
2014	19	1280
2015	11	1280
2016	2	1280
2017	18	1280
2018	7	1280
2019	23	1280
2020	1	1280
2021	17	1280
2022	4	1280
2023	20	1280
2024	6	1280
2025	22	1280
2026	3	1280
2027	19	1280
2028	5	1280
2029	21	1328
2030	0	1280
2031	16	1280
2032	2	1280
2033	18	1280
2034	7	1280
2035	23	1280
2036	1	1280
2037	17	1280
2038	4	1280
2039	20	1280
2040	6	1280
2041	22	1280
2042	3	1280
2043	19	1280
2044	5	1280
2045	21	1328
2046	0	1280
2047	16	1280
2048	17	1280
2049	1	1280
2050	20	1280
2051	4	1280
2052	18	1280
2053	2	1280
2054	23	1280
2055	7	1280
2056	21	1280
2057	5	1280
2058	16	1280
2059	0	1280
2060	22	1280
2061	6	1280
2062	19	1280
2063	3	1280
2064	17	1280
2065	1	1280
2066	20	1280
2067	4	1280
2068	18	1280
2069	2	1280
2070	23	1280
2071	7	1280
2072	21	1280
2073	5	1280
2074	16	1280
2075	0	1280
2076	22	1280
2077	6	1280
2078	19	1280
2079	3	1280
2080	2	1280
2081	10	1280
2082	7	1280
2083	15	1280
2084	1	1280
2085	9	1280
2086	4	1280
2087	12	1280
2088	6	1280
2089	14	1280
2090	3	1280
2091	11	1280
2092	5	1280
2093	13	1280
2094	0	1280
2095	8	1280
2096	2	1280
2097	10	1280
2098	7	1280
2099	15	1280
2100	1	1280
2101	9	1280
2102	4	1280
2103	12	1280
2104	6	1280
2105	14	1280
2106	3	1280
2107	11	1280
2108	5	1280
2109	13	1280
2110	0	1280
2111	8	1280
2112	0	1280
2113	8	1280
2114	5	1280
2115	13	1280
2116	3	1280
2117	11	1280
2118	6	1280
2119	14	1280
2120	4	1280
2121	12	1280
2122	1	1280
2123	9	1280
2124	7	1280
2125	15	1280
2126	2	1280
2127	10	1280
2128	0	1280
2129	8	1280
2130	5	1280
2131	13	1280
2132	3	1280
2133	11	1280
2134	6	1280
2135	14	1280
2136	4	1280
2137	12	1280
2138	1	1280
2139	9	1280
2140	7	1280
2141	15	1280
2142	2	1280
2143	10	1280
2144	11	1296
2145	19	1280
2146	14	1280
2147	22	1280
2148	8	1280
2149	16	1280
2150	13	1280
2151	21	1328
2152	15	1280
2153	23	1280
2154	10	1280
2155	18	1280
2156	12	1328
2157	20	1280
2158	9	1280
2159	17	1280
2160	11	1280
2161	19	1280
2162	14	1280
2163	22	1280
2164	8	1280
2165	16	1280
2166	13	1280
2167	21	1328
2168	15	1280
2169	23	1280
2170	10	1280
2171	18	1280
2172	12	1328
2173	20	1280
2174	9	1280
2175	17	1280
2176	9	1280
2177	17	1280
2178	12	1328
2179	20	1280
2180	10	1280
2181	18	1280
2182	15	1280
2183	23	1280
2184	13	1280
2185	21	1328
2186	8	1280
2187	16	1280
2188	14	1280
2189	22	1291
2190	11	1280
2191	19	1280
2192	9	1280
2193	17	1280
2194	12	1328
2195	20	1280
2196	10	1280
2197	18	1280
2198	15	1280
2199	23	1280
2200	13	1280
2201	21	1328
2202	8	1280
2203	16	1280
2204	14	1280
2205	22	1280
2206	11	1280
2207	19	1280
2208	18	1280
2209	2	1280
2210	23	1280
2211	7	1280
2212	17	1280
2213	1	1280
2214	20	1280
2215	4	1280
2216	22	1280
2217	6	1280
2218	19	1280
2219	3	1280
2220	21	1280
2221	5	1280
2222	16	1280
2223	0	1280
2224	18	1280
2225	2	1280
2226	23	1280
2227	7	1280
2228	17	1280
2229	1	1280
2230	20	1280
2231	4	1280
2232	22	1280
2233	6	1280
2234	19	1280
2235	3	1280
2236	21	1280
2237	5	1280
2238	16	1280
2239	0	1280
2240	16	1280
2241	0	1280
2242	21	1280
2243	5	1280
2244	19	1280
2245	3	1280
2246	22	1280
2247	6	1280
2248	20	1280
2249	4	1280
2250	17	1280
2251	1	1280
2252	23	1280
2253	7	1280
2254	18	1280
2255	2	1280
2256	16	1280
2257	0	1280
2258	21	1280
2259	5	1280
2260	19	1291
2261	3	1280
2262	22	1280
2263	6	1280
2264	20	1280
2265	4	1280
2266	17	1280
2267	1	1280
2268	23	1280
2269	7	1280
2270	18	1280
2271	2	1280
2272	3	1280
2273	11	1280
2274	6	1280
2275	14	1280
2276	0	1280
2277	8	1280
2278	5	1280
2279	13	1280
2280	7	1280
2281	15	1280
2282	2	1280
2283	10	1280
2284	4	1280
2285	12	1280
2286	1	1280
2287	9	1280
2288	3	1280
2289	11	1280
2290	6	1280
2291	14	1280
2292	0	1280
2293	8	1280
2294	5	1280
2295	13	1280
2296	7	1280
2297	15	1280
2298	2	1280
2299	10	1280
2300	4	1280
2301	12	1280
2302	1	1280
2303	9	1280
2304	0	1280
2305	8	1280
2306	5	1280
2307	13	1280
2308	3	1280
2309	11	1280
2310	6	1280
2311	14	1280
2312	4	1280
2313	12	1280
2314	1	1280
2315	9	1280
2316	7	1280
2317	15	1280
2318	2	1280
2319	10	1288
2320	0	1280
2321	8	1280
2322	5	1280
2323	13	1280
2324	3	1280
2325	11	1280
2326	6	1280
2327	14	1280
2328	4	1280
2329	12	1280
2330	1	1280
2331	9	1280
2332	7	1280
2333	15	1280
2334	2	1280
2335	10	1280
2336	11	1280
2337	19	1280
2338	14	1280
2339	22	1280
2340	8	1280
2341	16	1280
2342	13	1280
2343	21	1328
2344	15	1280
2345	23	1280
2346	10	1280
2347	18	1280
2348	12	1328
2349	20	1280
2350	9	1280
2351	17	1280
2352	11	1280
2353	19	1280
2354	14	1280
2355	22	1280
2356	8	1280
2357	16	1280
2358	13	1280
2359	21	1328
2360	15	1280
2361	23	1280
2362	10	1280
2363	18	1280
2364	12	1328
2365	20	1280
2366	9	1280
2367	17	1280
2368	9	1280
2369	17	1280
2370	12	1328
2371	20	1280
2372	10	1280
2373	18	1280
2374	15	1280
2375	23	1280
2376	13	1280
2377	21	1336
2378	8	1280
2379	16	1280
2380	14	1280
2381	22	1280
2382	11	1280
2383	19	1280
2384	9	1280
2385	17	1280
2386	12	1328
2387	20	1280
2388	10	1280
2389	18	1280
2390	15	1280
2391	23	1280
2392	13	1280
2393	21	1328
2394	8	1280
2395	16	1280
2396	14	1280
2397	22	1280
2398	11	1280
2399	19	1280
2400	18	1280
2401	2	1280
2402	23	1280
2403	7	1280
2404	17	1280
2405	1	1280
2406	20	1280
2407	4	1280
2408	22	1280
2409	6	1280
2410	19	1280
2411	3	1280
2412	21	1280
2413	5	1280
2414	16	1280
2415	0	1280
2416	18	1280
2417	2	1280
2418	23	1288
2419	7	1280
2420	17	1280
2421	1	1280
2422	20	1280
2423	4	1280
2424	22	1280
2425	6	1280
2426	19	1280
2427	3	1280
2428	21	1280
2429	5	1280
2430	16	1280
2431	0	1280
2432	16	1280
2433	0	1280
2434	21	1280
2435	5	1280
2436	19	1284
2437	3	1280
2438	22	1280
2439	6	1280
2440	20	1280
2441	4	1280
2442	17	1296
2443	1	1280
2444	23	1280
2445	7	1280
2446	18	1280
2447	2	1280
2448	16	1280
2449	0	1280
2450	21	1280
2451	5	1280
2452	19	1280
2453	3	1280
2454	22	1280
2455	6	1280
2456	20	1280
2457	4	1280
2458	17	1280
2459	1	1280
2460	23	1280
2461	7	1280
2462	18	1280
2463	2	1280
2464	3	1280
2465	11	1280
2466	6	1280
2467	14	1280
2468	0	1280
2469	8	1280
2470	5	1280
2471	13	1280
2472	7	1280
2473	15	1280
2474	2	1280
2475	10	1280
2476	4	1280
2477	12	1280
2478	1	1280
2479	9	1280
2480	3	1280
2481	11	1280
2482	6	1280
2483	14	1280
2484	0	1280
2485	8	1280
2486	5	1280
2487	13	1280
2488	7	1280
2489	15	1280
2490	2	1280
2491	10	1280
2492	4	1280
2493	12	1280
2494	1	1280
2495	9	1280
2496	1	1280
2497	9	1280
2498	4	1280
2499	12	1280
2500	2	1280
2501	10	1280
2502	7	1280
2503	15	1280
2504	5	1280
2505	13	1280
2506	0	1280
2507	8	1280
2508	6	1280
2509	14	1280
2510	3	1280
2511	11	1280
2512	1	1280
2513	9	1280
2514	4	1280
2515	12	1280
2516	2	1280
2517	10	1280
2518	7	1280
2519	15	1280
2520	5	1280
2521	13	1280
2522	0	1280
2523	8	1280
2524	6	1280
2525	14	1280
2526	3	1280
2527	11	1280
2528	10	1280
2529	18	1280
2530	15	1280
2531	23	1280
2532	9	1280
2533	17	1280
2534	12	1328
2535	20	1280
2536	14	1280
2537	22	1280
2538	11	1280
2539	19	1280
2540	13	1280
2541	21	1328
2542	8	1280
2543	16	1280
2544	10	1280
2545	18	1280
2546	15	1280
2547	23	1280
2548	9	1280
2549	17	1280
2550	12	1328
2551	20	1280
2552	14	1280
2553	22	1280
2554	11	1280
2555	19	1280
2556	13	1280
2557	21	1328
2558	8	1280
2559	16	1280
2560	21	1280
2561	5	1280
2562	16	1280
2563	0	1280
2564	22	1280
2565	6	1280
2566	19	1280
2567	3	1280
2568	17	1280
2569	1	1280
2570	20	1280
2571	4	1280
2572	18	1280
2573	2	1280
2574	23	1280
2575	7	1280
2576	21	1280
2577	5	1280
2578	16	1280
2579	0	1280
2580	22	1280
2581	6	1280
2582	19	1280
2583	3	1280
2584	17	1280
2585	1	1280
2586	20	1280
2587	4	1280
2588	18	1280
2589	2	1280
2590	23	1280
2591	7	1280
2592	14	1280
2593	22	1280
2594	11	1280
2595	19	1280
2596	13	1280
2597	21	1328
2598	8	1280
2599	16	1280
2600	10	1280
2601	18	1280
2602	15	1280
2603	23	1280
2604	9	1280
2605	17	1280
2606	12	1328
2607	20	1280
2608	14	1280
2609	22	1280
2610	11	1280
2611	19	1280
2612	13	1280
2613	21	1328
2614	8	1280
2615	16	1280
2616	10	1280
2617	18	1280
2618	15	1280
2619	23	1280
2620	9	1280
2621	17	1280
2622	12	1328
2623	20	1280
2624	4	1280
2625	12	1280
2626	1	1280
2627	9	1280
2628	7	1280
2629	15	1280
2630	2	1280
2631	10	1280
2632	0	1280
2633	8	1280
2634	5	1280
2635	13	1280
2636	3	1280
2637	11	1280
2638	6	1280
2639	14	1280
2640	4	1280
2641	12	1280
2642	1	1280
2643	9	1280
2644	7	1280
2645	15	1280
2646	2	1280
2647	10	1280
2648	0	1280
2649	8	1280
2650	5	1280
2651	13	1280
2652	3	1280
2653	11	1280
2654	6	1280
2655	14	1280
2656	23	1280
2657	7	1280
2658	18	1280
2659	2	1280
2660	20	1280
2661	4	1280
2662	17	1280
2663	1	1280
2664	19	1280
2665	3	1280
2666	22	1280
2667	6	1280
2668	16	1280
2669	0	1280
2670	21	1280
2671	5	1280
2672	23	1280
2673	7	1280
2674	18	1280
2675	2	1280
2676	20	1280
2677	4	1280
2678	17	1280
2679	1	1280
2680	19	1280
2681	3	1280
2682	22	1280
2683	6	1280
2684	16	1280
2685	0	1280
2686	21	1280
2687	5	1280
2688	13	1280
2689	21	1328
2690	8	1280
2691	16	1280
2692	14	1280
2693	22	1280
2694	11	1280
2695	19	1280
2696	9	1280
2697	17	1280
2698	12	1328
2699	20	1280
2700	10	1280
2701	18	1280
2702	15	1280
2703	23	1280
2704	13	1280
2705	21	1328
2706	8	1280
2707	16	1280
2708	14	1280
2709	22	1280
2710	11	1280
2711	19	1280
2712	9	1280
2713	17	1280
2714	12	1328
2715	20	1280
2716	10	1280
2717	18	1280
2718	15	1280
2719	23	1280
2720	6	1280
2721	14	1280
2722	3	1280
2723	11	1280
2724	5	1280
2725	13	1280
2726	0	1280
2727	8	1280
2728	2	1280
2729	10	1280
2730	7	1280
2731	15	1280
2732	1	1280
2733	9	1280
2734	4	1280
2735	12	1280
2736	6	1280
2737	14	1280
2738	3	1280
2739	11	1280
2740	5	1280
2741	13	1280
2742	0	1280
2743	8	1280
2744	2	1280
2745	10	1280
2746	7	1280
2747	15	1280
2748	1	1280
2749	9	1280
2750	4	1280
2751	12	1280
2752	20	1280
2753	4	1280
2754	17	1280
2755	1	1280
2756	23	1280
2757	7	1280
2758	18	1280
2759	2	1280
2760	16	1280
2761	0	1280
2762	21	1280
2763	5	1280
2764	19	1280
2765	3	1280
2766	22	1280
2767	6	1280
2768	20	1280
2769	4	1280
2770	17	1280
2771	1	1280
2772	23	1280
2773	7	1280
2774	18	1280
2775	2	1280
2776	16	1280
2777	0	1280
2778	21	1280
2779	5	1280
2780	19	1280
2781	3	1280
2782	22	1280
2783	6	1280
2784	15	1280
2785	23	1280
2786	10	1280
2787	18	1280
2788	12	1328
2789	20	1280
2790	9	1280
2791	17	1280
2792	11	1280
2793	19	1280
2794	14	1280
2795	22	1280
2796	8	1280
2797	16	1280
2798	13	1280
2799	21	1328
2800	15	1280
2801	23	1280
2802	10	1280
2803	18	1280
2804	12	1328
2805	20	1280
2806	9	1280
2807	17	1280
2808	11	1280
2809	19	1280
2810	14	1280
2811	22	1280
2812	8	1280
2813	16	1280
2814	13	1280
2815	21	1329
2816	4	1280
2817	12	1280
2818	1	1280
2819	9	1280
2820	7	1280
2821	15	1280
2822	2	1280
2823	10	1280
2824	0	1280
2825	8	1296
2826	5	1280
2827	13	1280
2828	3	1280
2829	11	1280
2830	6	1280
2831	14	1280
2832	4	1280
2833	12	1280
2834	1	1280
2835	9	1280
2836	7	1280
2837	15	1280
2838	2	1280
2839	10	1280
2840	0	1280
2841	8	1280
2842	5	1280
2843	13	1280
2844	3	1280
2845	11	1280
2846	6	1280
2847	14	1280
2848	23	1280
2849	7	1280
2850	18	1280
2851	2	1280
2852	20	1280
2853	4	1280
2854	17	1280
2855	1	1280
2856	19	1287
2857	3	1280
2858	22	1280
2859	6	1280
2860	16	1280
2861	0	1280
2862	21	1280
2863	5	1280
2864	23	1280
2865	7	1280
2866	18	1280
2867	2	1280
2868	20	1280
2869	4	1280
2870	17	1280
2871	1	1280
2872	19	1280
2873	3	1280
2874	22	1280
2875	6	1280
2876	16	1280
2877	0	1280
2878	21	1280
2879	5	1280
2880	13	1280
2881	21	1328
2882	8	1280
2883	16	1280
2884	14	1280
2885	22	1280
2886	11	1280
2887	19	1280
2888	9	1280
2889	17	1280
2890	12	1328
2891	20	1280
2892	10	1280
2893	18	1280
2894	15	1280
2895	23	1280
2896	13	1280
2897	21	1328
2898	8	1280
2899	16	1280
2900	14	1280
2901	22	1280
2902	11	1280
2903	19	1280
2904	9	1280
2905	17	1280
2906	12	1328
2907	20	1280
2908	10	1280
2909	18	1280
2910	15	1280
2911	23	1280
2912	6	1280
2913	14	1280
2914	3	1280
2915	11	1280
2916	5	1280
2917	13	1280
2918	0	1280
2919	8	1280
2920	2	1280
2921	10	1280
2922	7	1280
2923	15	1280
2924	1	1280
2925	9	1280
2926	4	1280
2927	12	1280
2928	6	1280
2929	14	1280
2930	3	1280
2931	11	1280
2932	5	1280
2933	13	1280
2934	0	1280
2935	8	1280
2936	2	1280
2937	10	1280
2938	7	1280
2939	15	1280
2940	1	1280
2941	9	1280
2942	4	1280
2943	12	1280
2944	20	1280
2945	4	1280
2946	17	1280
2947	1	1280
2948	23	1280
2949	7	1280
2950	18	1280
2951	2	1280
2952	16	1280
2953	0	1280
2954	21	1280
2955	5	1280
2956	19	1280
2957	3	1280
2958	22	1280
2959	6	1280
2960	20	1280
2961	4	1280
2962	17	1280
2963	1	1280
2964	23	1280
2965	7	1280
2966	18	1280
2967	2	1280
2968	16	1280
2969	0	1280
2970	21	1280
2971	5	1280
2972	19	1280
2973	3	1280
2974	22	1280
2975	6	1280
2976	15	1280
2977	23	1280
2978	10	1280
2979	18	1280
2980	12	1328
2981	20	1280
2982	9	1280
2983	17	1280
2984	11	1280
2985	19	1280
2986	14	1280
2987	22	1280
2988	8	1280
2989	16	1280
2990	13	1280
2991	21	1328
2992	15	1280
2993	23	1280
2994	10	1280
2995	18	1280
2996	12	1328
2997	20	1280
2998	9	1280
2999	17	1280
3000	11	1280
3001	19	1280
3002	14	1280
3003	22	1280
3004	8	1280
3005	16	1280
3006	13	1280
3007	21	1328
3008	5	1280
3009	13	1280
3010	0	1280
3011	8	1280
3012	6	1280
3013	14	1280
3014	3	1280
3015	11	1280
3016	1	1280
3017	9	1280
3018	4	1280
3019	12	1280
3020	2	1280
3021	10	1280
3022	7	1280
3023	15	1280
3024	5	1280
3025	13	1280
3026	0	1280
3027	8	1280
3028	6	1280
3029	14	1280
3030	3	1280
3031	11	1280
3032	1	1280
3033	9	1280
3034	4	1280
3035	12	1280
3036	2	1280
3037	10	1280
3038	7	1280
3039	15	1280
3040	22	1280
3041	6	1280
3042	19	1280
3043	3	1280
3044	21	1280
3045	5	1280
3046	16	1280
3047	0	1280
3048	18	1280
3049	2	1280
3050	23	1280
3051	7	1280
3052	17	1280
3053	1	1280
3054	20	1280
3055	4	1280
3056	22	1280
3057	6	1280
3058	19	1280
3059	3	1280
3060	21	1280
3061	5	1280
3062	16	1280
3063	0	1280
3064	18	1280
3065	2	1280
3066	23	1280
3067	7	1280
3068	17	1280
3069	1	1280
3070	20	1280
3071	4	1280
3072	23	1280
3073	15	1280
3074	18	1280
3075	10	1280
3076	20	1280
3077	12	1280
3078	17	1280
3079	9	1280
3080	19	1280
3081	11	1280
3082	22	1280
3083	14	1280
3084	16	1280
3085	8	1280
3086	21	1280
3087	13	1280
3088	23	1280
3089	15	1280
3090	18	1280
3091	10	1280
3092	20	1280
3093	12	1280
3094	17	1280
3095	9	1280
3096	19	1280
3097	11	1280
3098	22	1280
3099	14	1280
3100	16	1280
3101	8	1280
3102	21	1280
3103	13	1280
3104	12	1328
3105	4	1280
3106	9	1280
3107	1	1280
3108	15	1280
3109	7	1280
3110	10	1280
3111	2	1280
3112	8	1280
3113	0	1280
3114	13	1280
3115	5	1280
3116	11	1280
3117	3	1280
3118	14	1280
3119	6	1280
3120	12	1328
3121	4	1280
3122	9	1280
3123	1	1280
3124	15	1280
3125	7	1280
3126	10	1280
3127	2	1280
3128	8	1280
3129	0	1280
3130	13	1280
3131	5	1280
3132	11	1280
3133	3	1280
3134	14	1280
3135	6	1280
3136	6	1280
3137	22	1280
3138	3	1280
3139	19	1280
3140	5	1280
3141	21	1328
3142	0	1280
3143	16	1280
3144	2	1280
3145	18	1280
3146	7	1280
3147	23	1280
3148	1	1280
3149	17	1280
3150	4	1280
3151	20	1280
3152	6	1280
3153	22	1280
3154	3	1280
3155	19	1284
3156	5	1280
3157	21	1328
3158	0	1280
3159	16	1280
3160	2	1280
3161	18	1280
3162	7	1280
3163	23	1280
3164	1	1280
3165	17	1280
3166	4	1280
3167	20	1280
3168	21	1280
3169	13	1280
3170	16	1280
3171	8	1280
3172	22	1280
3173	14	1280
3174	19	1280
3175	11	1280
3176	17	1280
3177	9	1280
3178	20	1280
3179	12	1280
3180	18	1280
3181	10	1280
3182	23	1280
3183	15	1280
3184	21	1280
3185	13	1280
3186	16	1280
3187	8	1280
3188	22	1280
3189	14	1280
3190	19	1280
3191	11	1280
3192	17	1280
3193	9	1280
3194	20	1280
3195	12	1280
3196	18	1280
3197	10	1280
3198	23	1280
3199	15	1280
3200	15	1280
3201	7	1280
3202	10	1280
3203	2	1280
3204	12	1328
3205	4	1280
3206	9	1280
3207	1	1280
3208	11	1280
3209	3	1280
3210	14	1280
3211	6	1280
3212	8	1280
3213	0	1280
3214	13	1280
3215	5	1280
3216	15	1280
3217	7	1280
3218	10	1280
3219	2	1280
3220	12	1328
3221	4	1280
3222	9	1280
3223	1	1280
3224	11	1280
3225	3	1280
3226	14	1280
3227	6	1280
3228	8	1280
3229	0	1280
3230	13	1280
3231	5	1280
3232	4	1280
3233	20	1280
3234	1	1280
3235	17	1280
3236	7	1280
3237	23	1280
3238	2	1280
3239	18	1280
3240	0	1280
3241	16	1280
3242	5	1280
3243	21	1328
3244	3	1280
3245	19	1280
3246	6	1280
3247	22	1280
3248	4	1280
3249	20	1280
3250	1	1280
3251	17	1280
3252	7	1280
3253	23	1280
3254	2	1280
3255	18	1280
3256	0	1280
3257	16	1280
3258	5	1280
3259	21	1328
3260	3	1280
3261	19	1280
3262	6	1280
3263	22	1280
3264	22	1280
3265	14	1280
3266	19	1280
3267	11	1280
3268	21	1280
3269	13	1280
3270	16	1280
3271	8	1280
3272	18	1280
3273	10	1280
3274	23	1280
3275	15	1280
3276	17	1280
3277	9	1280
3278	20	1280
3279	12	1280
3280	22	1280
3281	14	1280
3282	19	1280
3283	11	1280
3284	21	1280
3285	13	1280
3286	16	1280
3287	8	1280
3288	18	1280
3289	10	1280
3290	23	1280
3291	15	1280
3292	17	1280
3293	9	1280
3294	20	1280
3295	12	1280
3296	13	1280
3297	5	1280
3298	8	1280
3299	0	1280
3300	14	1280
3301	6	1280
3302	11	1280
3303	3	1280
3304	9	1280
3305	1	1280
3306	12	1328
3307	4	1280
3308	10	1280
3309	2	1280
3310	15	1280
3311	7	1280
3312	13	1280
3313	5	1280
3314	8	1280
3315	0	1280
3316	14	1280
3317	6	1280
3318	11	1280
3319	3	1280
3320	9	1280
3321	1	1280
3322	12	1328
3323	4	1280
3324	10	1280
3325	2	1280
3326	15	1280
3327	7	1280
3328	6	1280
3329	22	1280
3330	3	1280
3331	19	1280
3332	5	1280
3333	21	1328
3334	0	1280
3335	16	1280
3336	2	1280
3337	18	1280
3338	7	1280
3339	23	1280
3340	1	1280
3341	17	1280
3342	4	1280
3343	20	1280
3344	6	1280
3345	22	1280
3346	3	1280
3347	19	1280
3348	5	1280
3349	21	1328
3350	0	1280
3351	16	1280
3352	2	1280
3353	18	1280
3354	7	1280
3355	23	1280
3356	1	1280
3357	17	1280
3358	4	1280
3359	20	1280
3360	21	1280
3361	13	1280
3362	16	1280
3363	8	1280
3364	22	1280
3365	14	1280
3366	19	1280
3367	11	1280
3368	17	1280
3369	9	1280
3370	20	1280
3371	12	1280
3372	18	1280
3373	10	1280
3374	23	1280
3375	15	1280
3376	21	1280
3377	13	1280
3378	16	1280
3379	8	1280
3380	22	1280
3381	14	1280
3382	19	1280
3383	11	1280
3384	17	1280
3385	9	1280
3386	20	1280
3387	12	1280
3388	18	1280
3389	10	1280
3390	23	1280
3391	15	1280
3392	15	1280
3393	7	1280
3394	10	1280
3395	2	1280
3396	12	1328
3397	4	1280
3398	9	1280
3399	1	1280
3400	11	1280
3401	3	1280
3402	14	1280
3403	6	1280
3404	8	1280
3405	0	1280
3406	13	1289
3407	5	1280
3408	15	1280
3409	7	1280
3410	10	1280
3411	2	1280
3412	12	1328
3413	4	1280
3414	9	1280
3415	1	1280
3416	11	1280
3417	3	1280
3418	14	1280
3419	6	1280
3420	8	1280
3421	0	1280
3422	13	1280
3423	5	1280
3424	4	1280
3425	20	1280
3426	1	1280
3427	17	1280
3428	7	1280
3429	23	1280
3430	2	1280
3431	18	1280
3432	0	1280
3433	16	1280
3434	5	1280
3435	21	1328
3436	3	1280
3437	19	1280
3438	6	1280
3439	22	1280
3440	4	1280
3441	20	1280
3442	1	1280
3443	17	1280
3444	7	1280
3445	23	1280
3446	2	1280
3447	18	1280
3448	0	1280
3449	16	1280
3450	5	1280
3451	21	1328
3452	3	1280
3453	19	1280
3454	6	1280
3455	22	1280
3456	22	1280
3457	14	1280
3458	19	1280
3459	11	1280
3460	21	1280
3461	13	1280
3462	16	1280
3463	8	1280
3464	18	1280
3465	10	1280
3466	23	1280
3467	15	1289
3468	17	1280
3469	9	1280
3470	20	1280
3471	12	1280
3472	22	1280
3473	14	1280
3474	19	1280
3475	11	1280
3476	21	1280
3477	13	1280
3478	16	1280
3479	8	1280
3480	18	1280
3481	10	1280
3482	23	1280
3483	15	1280
3484	17	1280
3485	9	1280
3486	20	1280
3487	12	1280
3488	13	1280
3489	5	1280
3490	8	1280
3491	0	1280
3492	14	1280
3493	6	1280
3494	11	1280
3495	3	1280
3496	9	1280
3497	1	1280
3498	12	1328
3499	4	1280
3500	10	1280
3501	2	1280
3502	15	1280
3503	7	1280
3504	13	1280
3505	5	1280
3506	8	1280
3507	0	1280
3508	14	1280
3509	6	1280
3510	11	1280
3511	3	1280
3512	9	1280
3513	1	1280
3514	12	1328
3515	4	1280
3516	10	1280
3517	2	1280
3518	15	1280
3519	7	1280
3520	7	1280
3521	23	1280
3522	2	1280
3523	18	1280
3524	4	1280
3525	20	1280
3526	1	1280
3527	17	1280
3528	3	1280
3529	19	1280
3530	6	1280
3531	22	1280
3532	0	1280
3533	16	1280
3534	5	1280
3535	21	1328
3536	7	1296
3537	23	1280
3538	2	1280
3539	18	1280
3540	4	1280
3541	20	1280
3542	1	1280
3543	17	1280
3544	3	1280
3545	19	1280
3546	6	1280
3547	22	1280
3548	0	1280
3549	16	1280
3550	5	1280
3551	21	1328
3552	20	1280
3553	12	1280
3554	17	1280
3555	9	1280
3556	23	1280
3557	15	1280
3558	18	1280
3559	10	1280
3560	16	1280
3561	8	1280
3562	21	1280
3563	13	1280
3564	19	1280
3565	11	1280
3566	22	1280
3567	14	1280
3568	20	1280
3569	12	1280
3570	17	1280
3571	9	1280
3572	23	1280
3573	15	1280
3574	18	1280
3575	10	1280
3576	16	1280
3577	8	1280
3578	21	1280
3579	13	1280
3580	19	1280
3581	11	1280
3582	22	1285
3583	14	1280
3584	3	1280
3585	19	1280
3586	6	1280
3587	22	1280
3588	0	1280
3589	16	1280
3590	5	1280
3591	21	1328
3592	7	1280
3593	23	1280
3594	2	1280
3595	18	1280
3596	4	1280
3597	20	1280
3598	1	1280
3599	17	1280
3600	3	1280
3601	19	1280
3602	6	1280
3603	22	1280
3604	0	1280
3605	16	1280
3606	5	1280
3607	21	1328
3608	7	1280
3609	23	1280
3610	2	1280
3611	18	1280
3612	4	1280
3613	20	1280
3614	1	1280
3615	17	1280
3616	8	1280
3617	0	1280
3618	13	1280
3619	5	1280
3620	11	1280
3621	3	1280
3622	14	1280
3623	6	1280
3624	12	1328
3625	4	1280
3626	9	1280
3627	1	1280
3628	15	1280
3629	7	1280
3630	10	1280
3631	2	1280
3632	8	1280
3633	0	1280
3634	13	1280
3635	5	1280
3636	11	1280
3637	3	1280
3638	14	1280
3639	6	1280
3640	12	1328
3641	4	1280
3642	9	1280
3643	1	1280
3644	15	1280
3645	7	1280
3646	10	1280
3647	2	1280
3648	10	1280
3649	2	1280
3650	15	1280
3651	7	1280
3652	9	1280
3653	1	1280
3654	12	1328
3655	4	1280
3656	14	1280
3657	6	1280
3658	11	1280
3659	3	1280
3660	13	1280
3661	5	1280
3662	8	1280
3663	0	1280
3664	10	1280
3665	2	1280
3666	15	1280
3667	7	1280
3668	9	1280
3669	1	1280
3670	12	1328
3671	4	1280
3672	14	1280
3673	6	1280
3674	11	1280
3675	3	1280
3676	13	1280
3677	5	1280
3678	8	1280
3679	0	1280
3680	17	1280
3681	9	1280
3682	20	1280
3683	12	1280
3684	18	1280
3685	10	1280
3686	23	1280
3687	15	1280
3688	21	1280
3689	13	1280
3690	16	1280
3691	8	1280
3692	22	1280
3693	14	1280
3694	19	1280
3695	11	1280
3696	17	1280
3697	9	1280
3698	20	1280
3699	12	1280
3700	18	1280
3701	10	1281
3702	23	1280
3703	15	1280
3704	21	1280
3705	13	1280
3706	16	1280
3707	8	1280
3708	22	1280
3709	14	1280
3710	19	1280
3711	11	1280
3712	19	1280
3713	11	1280
3714	22	1280
3715	14	1280
3716	16	1280
3717	8	1280
3718	21	1280
3719	13	1280
3720	23	1280
3721	15	1280
3722	18	1280
3723	10	1280
3724	20	1280
3725	12	1280
3726	17	1280
3727	9	1280
3728	19	1280
3729	11	1289
3730	22	1280
3731	14	1280
3732	16	1280
3733	8	1280
3734	21	1280
3735	13	1280
3736	23	1280
3737	15	1280
3738	18	1280
3739	10	1280
3740	20	1280
3741	12	1280
3742	17	1280
3743	9	1280
3744	0	1280
3745	16	1280
3746	5	1280
3747	21	1328
3748	3	1280
3749	19	1280
3750	6	1280
3751	22	1280
3752	4	1280
3753	20	1280
3754	1	1280
3755	17	1280
3756	7	1280
3757	23	1280
3758	2	1280
3759	18	1280
3760	0	1280
3761	16	1280
3762	5	1280
3763	21	1328
3764	3	1280
3765	19	1280
3766	6	1280
3767	22	1280
3768	4	1280
3769	20	1280
3770	1	1280
3771	17	1280
3772	7	1280
3773	23	1280
3774	2	1280
3775	18	1280
3776	2	1280
3777	18	1280
3778	7	1280
3779	23	1280
3780	1	1280
3781	17	1280
3782	4	1280
3783	20	1280
3784	6	1280
3785	22	1280
3786	3	1280
3787	19	1280
3788	5	1280
3789	21	1328
3790	0	1280
3791	16	1280
3792	2	1280
3793	18	1280
3794	7	1280
3795	23	1280
3796	1	1280
3797	17	1280
3798	4	1280
3799	20	1280
3800	6	1280
3801	22	1280
3802	3	1280
3803	19	1280
3804	5	1280
3805	21	1328
3806	0	1280
3807	16	1280
3808	9	1280
3809	1	1280
3810	12	1328
3811	4	1280
3812	10	1280
3813	2	1280
3814	15	1280
3815	7	1280
3816	13	1280
3817	5	1280
3818	8	1280
3819	0	1280
3820	14	1280
3821	6	1280
3822	11	1280
3823	3	1280
3824	9	1280
3825	1	1280
3826	12	1328
3827	4	1280
3828	10	1280
3829	2	1280
3830	15	1280
3831	7	1280
3832	13	1280
3833	5	1280
3834	8	1280
3835	0	1280
3836	14	1288
3837	6	1280
3838	11	1280
3839	3	1280
3840	10	1280
3841	2	1280
3842	15	1280
3843	7	1280
3844	9	1280
3845	1	1280
3846	12	1328
3847	4	1280
3848	14	1280
3849	6	1280
3850	11	1288
3851	3	1280
3852	13	1280
3853	5	1280
3854	8	1280
3855	0	1280
3856	10	1280
3857	2	1280
3858	15	1280
3859	7	1280
3860	9	1280
3861	1	1280
3862	12	1328
3863	4	1280
3864	14	1280
3865	6	1280
3866	11	1280
3867	3	1280
3868	13	1280
3869	5	1280
3870	8	1280
3871	0	1280
3872	17	1280
3873	9	1280
3874	20	1280
3875	12	1280
3876	18	1280
3877	10	1280
3878	23	1280
3879	15	1280
3880	21	1280
3881	13	1280
3882	16	1280
3883	8	1280
3884	22	1280
3885	14	1280
3886	19	1280
3887	11	1280
3888	17	1280
3889	9	1280
3890	20	1280
3891	12	1280
3892	18	1280
3893	10	1280
3894	23	1280
3895	15	1280
3896	21	1280
3897	13	1280
3898	16	1280
3899	8	1280
3900	22	1280
3901	14	1280
3902	19	1280
3903	11	1280
3904	19	1280
3905	11	1280
3906	22	1280
3907	14	1280
3908	16	1280
3909	8	1280
3910	21	1280
3911	13	1280
3912	23	1280
3913	15	1280
3914	18	1280
3915	10	1280
3916	20	1280
3917	12	1280
3918	17	1280
3919	9	1280
3920	19	1280
3921	11	1280
3922	22	1280
3923	14	1280
3924	16	1280
3925	8	1280
3926	21	1280
3927	13	1280
3928	23	1280
3929	15	1280
3930	18	1280
3931	10	1280
3932	20	1280
3933	12	1280
3934	17	1280
3935	9	1280
3936	0	1280
3937	16	1280
3938	5	1280
3939	21	1328
3940	3	1280
3941	19	1280
3942	6	1280
3943	22	1280
3944	4	1280
3945	20	1280
3946	1	1280
3947	17	1280
3948	7	1280
3949	23	1280
3950	2	1280
3951	18	1288
3952	0	1280
3953	16	1280
3954	5	1280
3955	21	1328
3956	3	1280
3957	19	1280
3958	6	1280
3959	22	1280
3960	4	1280
3961	20	1280
3962	1	1280
3963	17	1280
3964	7	1280
3965	23	1280
3966	2	1280
3967	18	1280
3968	2	1280
3969	18	1280
3970	7	1280
3971	23	1280
3972	1	1280
3973	17	1280
3974	4	1280
3975	20	1280
3976	6	1280
3977	22	1280
3978	3	1280
3979	19	1280
3980	5	1280
3981	21	1328
3982	0	1280
3983	16	1280
3984	2	1280
3985	18	1280
3986	7	1280
3987	23	1280
3988	1	1280
3989	17	1280
3990	4	1280
3991	20	1280
3992	6	1280
3993	22	1280
3994	3	1280
3995	19	1280
3996	5	1280
3997	21	1328
3998	0	1280
3999	16	1280
4000	9	1280
4001	1	1280
4002	12	1336
4003	4	1280
4004	10	1280
4005	2	1280
4006	15	1280
4007	7	1280
4008	13	1280
4009	5	1280
4010	8	1280
4011	0	1280
4012	14	1280
4013	6	1280
4014	11	1280
4015	3	1280
4016	9	1280
4017	1	1280
4018	12	1328
4019	4	1280
4020	10	1280
4021	2	1280
4022	15	1280
4023	7	1280
4024	13	1280
4025	5	1280
4026	8	1280
4027	0	1280
4028	14	1280
4029	6	1280
4030	11	1280
4031	3	1280
4032	11	1280
4033	3	1280
4034	14	1280
4035	6	1280
4036	8	1280
4037	0	1280
4038	13	1280
4039	5	1280
4040	15	1280
4041	7	1280
4042	10	1280
4043	2	1280
4044	12	1328
4045	4	1280
4046	9	1280
4047	1	1280
4048	11	1280
4049	3	1280
4050	14	1280
4051	6	1280
4052	8	1280
4053	0	1280
4054	13	1280
4055	5	1280
4056	15	1280
4057	7	1280
4058	10	1280
4059	2	1280
4060	12	1328
4061	4	1280
4062	9	1280
4063	1	1280
4064	16	1280
4065	8	1280
4066	21	1280
4067	13	1280
4068	19	1280
4069	11	1280
4070	22	1280
4071	14	1280
4072	20	1280
4073	12	1280
4074	17	1280
4075	9	1280
4076	23	1280
4077	15	1280
4078	18	1280
4079	10	1280
4080	16	1280
4081	8	1280
4082	21	1280
4083	13	1280
4084	19	1280
4085	11	1280
4086	22	1280
4087	14	1280
4088	20	1280
4089	12	1280
4090	17	1280
4091	9	1280
4092	23	1280
4093	15	1280
4094	18	1280
4095	10	1280
4096	0	3135180802
	1	3135180802
	2	3135180802
	3	3135180802
	4	3135180802
	5	3135180802
	6	3135180802
	7	3135180802
	8	3135180802
	9	3135180802
	10	3135180802
	11	3135180802
	12	3135180802
	13	3135180802
	14	3135180802
	15	3135180802
	16	3135180802
	17	3135180802
	18	3135180802
	19	3135180802
	20	3135180802
	21	3135180802
	22	3135180802
	23	3135180802
shmkey for p = 84279302
